Levels/level3.png
NP 60.0 674.0 290.0 674.0
SL 290.0 674.0 290.0 494.0
SL 290.0 494.0 464.0 494.0
SL 464.0 494.0 464.0 226.0
SL 464.0 226.0 734.0 226.0
SL 734.0 226.0 734.0 678.0
SL 734.0 678.0 974.0 678.0
SL 974.0 678.0 974.0 626.0
NP 974.0 626.0 974.0 544.0
NP 974.0 544.0 1210.0 544.0
NP 1210.0 444.0 1210.0 348.0
NP 1210.0 348.0 1072.0 348.0
SL 1072.0 348.0 952.0 348.0
NP 952.0 348.0 894.0 348.0
NP 894.0 348.0 894.0 274.0
SL 894.0 274.0 894.0 118.0
NP 894.0 118.0 894.0 50.0
NP 894.0 50.0 342.0 50.0
NP 342.0 50.0 342.0 100.0
SL 342.0 100.0 342.0 310.0
SL 342.0 310.0 228.0 310.0
NP 228.0 310.0 60.0 310.0
NP 60.0 310.0 60.0 674.0
EX 1210.0 544.0 1210.0 444.0
P 200.0 580.0