Levels/level5.png
SL 58.0 672.0 380.0 672.0
SL 380.0 672.0 380.0 566.0
SL 380.0 566.0 482.0 566.0
SL 482.0 566.0 482.0 554.0
SL 482.0 554.0 750.0 554.0
SL 750.0 554.0 750.0 350.0
SL 750.0 350.0 922.0 350.0
SL 922.0 350.0 922.0 206.0
NP 922.0 206.0 996.0 206.0
SL 996.0 206.0 996.0 672.0
SL 996.0 672.0 1208.0 672.0
SL 1208.0 602.0 1208.0 386.0
NP 1208.0 386.0 1138.0 386.0
NP 1138.0 386.0 1138.0 326.0
NP 1138.0 386.0 1208.0 386.0
SL 1208.0 386.0 1208.0 54.0
SL 1208.0 54.0 348.0 54.0
SL 348.0 54.0 348.0 204.0
SL 348.0 204.0 560.0 204.0
SL 560.0 204.0 560.0 270.0
SL 560.0 270.0 424.0 270.0
NP 424.0 270.0 346.0 424.0
NP 346.0 424.0 346.0 348.0
NP 346.0 348.0 430.0 348.0
SL 430.0 348.0 556.0 348.0
SL 556.0 348.0 556.0 420.0
SL 556.0 420.0 420.0 420.0
NP 420.0 420.0 58.0 420.0
SL 58.0 420.0 58.0 608.0
NP 58.0 627.0 58.0 608.0
EN1 400.0 481.0
EN2 407.0 313.0
EX 1208.0 672.0 1208.0 602.0
P 200.0 575.0