Levels/level5.png
SL 60.0 264.0 202.0 264.0
SL 202.0 264.0 202.0 470.0
SL 202.0 470.0 488.0 470.0
NP 488.0 470.0 488.0 382.0
NP 488.0 382.0 516.0 350.0
NP 510.0 360.0 510.0 716.0
DT 510.0 716.0 676.0 716.0
SL 676.0 716.0 676.0 586.0
SL 676.0 586.0 768.0 586.0
NP 768.0 586.0 768.0 504.0
NP 768.0 504.0 896.0 504.0 
NP 896.0 504.0 896.0 596.0
SL 896.0 596.0 896.0 716.0
DT 896.0 716.0 1016.0 716.0
SL 1016.0 716.0 1016.0 668.0
NP 1016.0 668.0 1016.0 504.0
NP 1016.0 504.0 1210.0 504.0
NP 1210.0 406.0 1210.0 346.0
NP 1210.0 346.0 644.0 346.0
NP 644.0 346.0 644.0 48.0
NP 644.0 48.0 174.0 48.0
SL 174.0 48.0 60.0 48.0
SL 60.0 48.0 60.0 164.0
NP 60.0 164.0 60.0 264.0
EX 1210.0 504.0 1210.0 406.0
P 155.0 165.0