Levels/level9.png
SL 60.0 678.0 602.0 678.0
SL 602.0 678.0 602.0 456.0
NP 602.0 456.0 602.0 220.0
NP 602.0 220.0 630.0 220.0
NP 630.0 220.0 630.0 324.0
SL 630.0 324.0 736.0 324.0
SL 736.0 324.0 736.0 474.0
SL 736.0 474.0 818.0 474.0
NP 818.0 474.0 1100.0 474.0
SL 1100.0 474.0 1100.0 518.0
SL 1100.0 518.0 818.0 518.0
SL 818.0 518.0 818.0 680.0
SL 818.0 680.0 1208.0 680.0
SL 1208.0 606.0 1208.0 450.0
NP 1208.0 450.0 1208.0 326.0
NP 1208.0 326.0 842.0 326.0
NP 842.0 326.0 842.0 170.0
SL 842.0 170.0 842.0 48.0
NP 842.0 48.0 380.0 48.0
SL 380.0 48.0 60.0 48.0
SL 60.0 48.0 60.0 330.0
SL 60.0 330.0 390.0 330.0
SL 390.0 330.0 390.0 490.0
SL 390.0 490.0 60.0 490.0
SL 60.0 490.0 60.0 678.0
EX 1208.0 680.0 1208.0 606.0
P 160.0 575.0