Levels/level6.png
SL 54.0 674.0 356.0 674.0
SL 356.0 674.0 356.0 380.0
NP 356.0 380.0 356.0 266.0
NP 356.0 266.0 528.0 266.0
NP 528.0 266.0 528.0 392.0
SL 528.0 392.0 528.0 674.0
SL 528.0 674.0 730.0 674.0
SL 730.0 674.0 730.0 564.0
NP 730.0 564.0 730.0 490.0
NP 730.0 490.0 914.0 490.0
NP 914.0 490.0 914.0 564.0
SL 914.0 564.0 914.0 674.0
SL 914.0 674.0 1216.0 674.0
NP 1216.0 564.0 1216.0 330.0
NP 1216.0 330.0 684.0 330.0
NP 684.0 330.0 684.0 46.0
NP 684.0 46.0 204.0 46.0
SL 204.0 46.0 54.0 46.0
NP 54.0 46.0 54.0 674.0
EX 1216.0 674.0 1216.0 564.0
P 175.0 575.0