Levels/level8.png
SL 58.0 480.0 252.0 480.0
NP 252.0 480.0 252.0 710.0
DT 252.0 710.0 1054.0 710.0
NP 1054.0 710.0 1054.0 480.0
NP 1054.0 480.0 1208.0 480.0
NP 1208.0 376.0 1208.0 300.0
NP 1208.0 300.0 1012.0 300.0
SL 1012.0 300.0 1012.0 160.0
NP 1012.0 160.0 1012.0 48.0
NP 1012.0 48.0 910.0 48.0
SL 910.0 48.0 794.0 48.0
NP 794.0 48.0 492.0 48.0
SL 492.0 48.0 58.0 48.0
SL 58.0 48.0 58.0 480.0
NP 274.0 358.0 472.0 358.0
SL 472.0 358.0 472.0 230.0
SL 472.0 230.0 390.0 230.0
NP 390.0 230.0 390.0 290.0
NP 390.0 290.0 274.0 290.0
NP 274.0 290.0 274.0 358.0
NP 514.0 440.0 594.0 440.0
NP 594.0 440.0 594.0 376.0
NP 594.0 376.0 514.0 376.0
NP 514.0 376.0 514.0 440.0
NP 718.0 532.0 960.0 532.0
NP 960.0 532.0 960.0 470.0
NP 960.0 470.0 840.0 470.0
SL 840.0 470.0 718.0 470.0
NP 718.0 470.0 718.0 532.0
SL 812.0 290.0 892.0 290.0
SL 892.0 290.0 892.0 228.0
SL 892.0 228.0 812.0 228.0
NP 812.0 228.0 812.0 290.0
EX 1208.0 480.0 1208.0 376.0
P 175.0 375.0